Time: 0
Waiting clients: (3, 2, 6) (7, 4, 1) (23, 4, 2) (14, 5, 1) (34, 6, 1) (36, 6, 1) (39, 6, 3) (25, 7, 3) (9, 8, 4) (29, 8, 5) (33, 8, 6) (8, 9, 1) (0, 10, 4) (31, 10, 6) (22, 11, 2) (47, 13, 3) (5, 15, 4) (18, 15, 1) (26, 16, 4) (38, 16, 1) (45, 17, 1) (41, 18, 4) (15, 19, 6) (17, 20, 5) (16, 22, 3) (35, 22, 6) (49, 22, 3) (10, 23, 2) (30, 23, 5) (44, 24, 3) (46, 24, 6) (11, 25, 3) (40, 26, 3) (1, 27, 4) (48, 28, 6) (4, 30, 1) (27, 30, 5) (32, 30, 6) (20, 31, 3) (19, 32, 4) (28, 32, 5) (21, 33, 3) (12, 34, 5) (13, 34, 5) (43, 34, 5) (24, 35, 5) (6, 36, 4) (42, 36, 6) (2, 38, 6) (37, 38, 4) 
QueueModel.Server@548ba80c: 
QueueModel.Server@3a08ad6: 
QueueModel.Server@79fed636: 
QueueModel.Server@154b294b: 
QueueModel.Server@3017fdc: 

------------------------------------------------------------------
Time: 1
Waiting clients: (3, 2, 6) (7, 4, 1) (23, 4, 2) (14, 5, 1) (34, 6, 1) (36, 6, 1) (39, 6, 3) (25, 7, 3) (9, 8, 4) (29, 8, 5) (33, 8, 6) (8, 9, 1) (0, 10, 4) (31, 10, 6) (22, 11, 2) (47, 13, 3) (5, 15, 4) (18, 15, 1) (26, 16, 4) (38, 16, 1) (45, 17, 1) (41, 18, 4) (15, 19, 6) (17, 20, 5) (16, 22, 3) (35, 22, 6) (49, 22, 3) (10, 23, 2) (30, 23, 5) (44, 24, 3) (46, 24, 6) (11, 25, 3) (40, 26, 3) (1, 27, 4) (48, 28, 6) (4, 30, 1) (27, 30, 5) (32, 30, 6) (20, 31, 3) (19, 32, 4) (28, 32, 5) (21, 33, 3) (12, 34, 5) (13, 34, 5) (43, 34, 5) (24, 35, 5) (6, 36, 4) (42, 36, 6) (2, 38, 6) (37, 38, 4) 
QueueModel.Server@548ba80c: 
QueueModel.Server@3a08ad6: 
QueueModel.Server@79fed636: 
QueueModel.Server@154b294b: 
QueueModel.Server@3017fdc: 

------------------------------------------------------------------
Time: 2
Waiting clients: (7, 4, 1) (23, 4, 2) (14, 5, 1) (34, 6, 1) (36, 6, 1) (39, 6, 3) (25, 7, 3) (9, 8, 4) (29, 8, 5) (33, 8, 6) (8, 9, 1) (0, 10, 4) (31, 10, 6) (22, 11, 2) (47, 13, 3) (5, 15, 4) (18, 15, 1) (26, 16, 4) (38, 16, 1) (45, 17, 1) (41, 18, 4) (15, 19, 6) (17, 20, 5) (16, 22, 3) (35, 22, 6) (49, 22, 3) (10, 23, 2) (30, 23, 5) (44, 24, 3) (46, 24, 6) (11, 25, 3) (40, 26, 3) (1, 27, 4) (48, 28, 6) (4, 30, 1) (27, 30, 5) (32, 30, 6) (20, 31, 3) (19, 32, 4) (28, 32, 5) (21, 33, 3) (12, 34, 5) (13, 34, 5) (43, 34, 5) (24, 35, 5) (6, 36, 4) (42, 36, 6) (2, 38, 6) (37, 38, 4) 
QueueModel.Server@548ba80c: (3, 2, 6) 
QueueModel.Server@3a08ad6: 
QueueModel.Server@79fed636: 
QueueModel.Server@154b294b: 
QueueModel.Server@3017fdc: 

------------------------------------------------------------------
Time: 3
Waiting clients: (7, 4, 1) (23, 4, 2) (14, 5, 1) (34, 6, 1) (36, 6, 1) (39, 6, 3) (25, 7, 3) (9, 8, 4) (29, 8, 5) (33, 8, 6) (8, 9, 1) (0, 10, 4) (31, 10, 6) (22, 11, 2) (47, 13, 3) (5, 15, 4) (18, 15, 1) (26, 16, 4) (38, 16, 1) (45, 17, 1) (41, 18, 4) (15, 19, 6) (17, 20, 5) (16, 22, 3) (35, 22, 6) (49, 22, 3) (10, 23, 2) (30, 23, 5) (44, 24, 3) (46, 24, 6) (11, 25, 3) (40, 26, 3) (1, 27, 4) (48, 28, 6) (4, 30, 1) (27, 30, 5) (32, 30, 6) (20, 31, 3) (19, 32, 4) (28, 32, 5) (21, 33, 3) (12, 34, 5) (13, 34, 5) (43, 34, 5) (24, 35, 5) (6, 36, 4) (42, 36, 6) (2, 38, 6) (37, 38, 4) 
QueueModel.Server@548ba80c: 
QueueModel.Server@3a08ad6: 
QueueModel.Server@79fed636: 
QueueModel.Server@154b294b: 
QueueModel.Server@3017fdc: 

------------------------------------------------------------------
Time: 4
Waiting clients: (14, 5, 1) (34, 6, 1) (36, 6, 1) (39, 6, 3) (25, 7, 3) (9, 8, 4) (29, 8, 5) (33, 8, 6) (8, 9, 1) (0, 10, 4) (31, 10, 6) (22, 11, 2) (47, 13, 3) (5, 15, 4) (18, 15, 1) (26, 16, 4) (38, 16, 1) (45, 17, 1) (41, 18, 4) (15, 19, 6) (17, 20, 5) (16, 22, 3) (35, 22, 6) (49, 22, 3) (10, 23, 2) (30, 23, 5) (44, 24, 3) (46, 24, 6) (11, 25, 3) (40, 26, 3) (1, 27, 4) (48, 28, 6) (4, 30, 1) (27, 30, 5) (32, 30, 6) (20, 31, 3) (19, 32, 4) (28, 32, 5) (21, 33, 3) (12, 34, 5) (13, 34, 5) (43, 34, 5) (24, 35, 5) (6, 36, 4) (42, 36, 6) (2, 38, 6) (37, 38, 4) 
QueueModel.Server@548ba80c: (7, 4, 1) 
QueueModel.Server@3a08ad6: (23, 4, 2) 
QueueModel.Server@79fed636: 
QueueModel.Server@154b294b: 
QueueModel.Server@3017fdc: 

------------------------------------------------------------------
Time: 5
Waiting clients: (34, 6, 1) (36, 6, 1) (39, 6, 3) (25, 7, 3) (9, 8, 4) (29, 8, 5) (33, 8, 6) (8, 9, 1) (0, 10, 4) (31, 10, 6) (22, 11, 2) (47, 13, 3) (5, 15, 4) (18, 15, 1) (26, 16, 4) (38, 16, 1) (45, 17, 1) (41, 18, 4) (15, 19, 6) (17, 20, 5) (16, 22, 3) (35, 22, 6) (49, 22, 3) (10, 23, 2) (30, 23, 5) (44, 24, 3) (46, 24, 6) (11, 25, 3) (40, 26, 3) (1, 27, 4) (48, 28, 6) (4, 30, 1) (27, 30, 5) (32, 30, 6) (20, 31, 3) (19, 32, 4) (28, 32, 5) (21, 33, 3) (12, 34, 5) (13, 34, 5) (43, 34, 5) (24, 35, 5) (6, 36, 4) (42, 36, 6) (2, 38, 6) (37, 38, 4) 
QueueModel.Server@548ba80c: (7, 4, 1) 
QueueModel.Server@3a08ad6: (14, 5, 1) 
QueueModel.Server@79fed636: 
QueueModel.Server@154b294b: 
QueueModel.Server@3017fdc: 

------------------------------------------------------------------
Time: 6
Waiting clients: (25, 7, 3) (9, 8, 4) (29, 8, 5) (33, 8, 6) (8, 9, 1) (0, 10, 4) (31, 10, 6) (22, 11, 2) (47, 13, 3) (5, 15, 4) (18, 15, 1) (26, 16, 4) (38, 16, 1) (45, 17, 1) (41, 18, 4) (15, 19, 6) (17, 20, 5) (16, 22, 3) (35, 22, 6) (49, 22, 3) (10, 23, 2) (30, 23, 5) (44, 24, 3) (46, 24, 6) (11, 25, 3) (40, 26, 3) (1, 27, 4) (48, 28, 6) (4, 30, 1) (27, 30, 5) (32, 30, 6) (20, 31, 3) (19, 32, 4) (28, 32, 5) (21, 33, 3) (12, 34, 5) (13, 34, 5) (43, 34, 5) (24, 35, 5) (6, 36, 4) (42, 36, 6) (2, 38, 6) (37, 38, 4) 
QueueModel.Server@548ba80c: (7, 4, 1) 
QueueModel.Server@3a08ad6: (14, 5, 1) 
QueueModel.Server@79fed636: (34, 6, 1) 
QueueModel.Server@154b294b: (36, 6, 1) 
QueueModel.Server@3017fdc: (39, 6, 3) 

------------------------------------------------------------------
Time: 7
Waiting clients: (9, 8, 4) (29, 8, 5) (33, 8, 6) (8, 9, 1) (0, 10, 4) (31, 10, 6) (22, 11, 2) (47, 13, 3) (5, 15, 4) (18, 15, 1) (26, 16, 4) (38, 16, 1) (45, 17, 1) (41, 18, 4) (15, 19, 6) (17, 20, 5) (16, 22, 3) (35, 22, 6) (49, 22, 3) (10, 23, 2) (30, 23, 5) (44, 24, 3) (46, 24, 6) (11, 25, 3) (40, 26, 3) (1, 27, 4) (48, 28, 6) (4, 30, 1) (27, 30, 5) (32, 30, 6) (20, 31, 3) (19, 32, 4) (28, 32, 5) (21, 33, 3) (12, 34, 5) (13, 34, 5) (43, 34, 5) (24, 35, 5) (6, 36, 4) (42, 36, 6) (2, 38, 6) (37, 38, 4) 
QueueModel.Server@548ba80c: (7, 4, 1) 
QueueModel.Server@3a08ad6: (25, 7, 3) 
QueueModel.Server@79fed636: 
QueueModel.Server@154b294b: 
QueueModel.Server@3017fdc: 

------------------------------------------------------------------
Time: 8
Waiting clients: (8, 9, 1) (0, 10, 4) (31, 10, 6) (22, 11, 2) (47, 13, 3) (5, 15, 4) (18, 15, 1) (26, 16, 4) (38, 16, 1) (45, 17, 1) (41, 18, 4) (15, 19, 6) (17, 20, 5) (16, 22, 3) (35, 22, 6) (49, 22, 3) (10, 23, 2) (30, 23, 5) (44, 24, 3) (46, 24, 6) (11, 25, 3) (40, 26, 3) (1, 27, 4) (48, 28, 6) (4, 30, 1) (27, 30, 5) (32, 30, 6) (20, 31, 3) (19, 32, 4) (28, 32, 5) (21, 33, 3) (12, 34, 5) (13, 34, 5) (43, 34, 5) (24, 35, 5) (6, 36, 4) (42, 36, 6) (2, 38, 6) (37, 38, 4) 
QueueModel.Server@548ba80c: (7, 4, 1) 
QueueModel.Server@3a08ad6: (9, 8, 4) 
QueueModel.Server@79fed636: (29, 8, 5) 
QueueModel.Server@154b294b: (33, 8, 6) 
QueueModel.Server@3017fdc: 

------------------------------------------------------------------
Time: 9
Waiting clients: (0, 10, 4) (31, 10, 6) (22, 11, 2) (47, 13, 3) (5, 15, 4) (18, 15, 1) (26, 16, 4) (38, 16, 1) (45, 17, 1) (41, 18, 4) (15, 19, 6) (17, 20, 5) (16, 22, 3) (35, 22, 6) (49, 22, 3) (10, 23, 2) (30, 23, 5) (44, 24, 3) (46, 24, 6) (11, 25, 3) (40, 26, 3) (1, 27, 4) (48, 28, 6) (4, 30, 1) (27, 30, 5) (32, 30, 6) (20, 31, 3) (19, 32, 4) (28, 32, 5) (21, 33, 3) (12, 34, 5) (13, 34, 5) (43, 34, 5) (24, 35, 5) (6, 36, 4) (42, 36, 6) (2, 38, 6) (37, 38, 4) 
QueueModel.Server@548ba80c: (8, 9, 1) 
QueueModel.Server@3a08ad6: (9, 8, 4) 
QueueModel.Server@79fed636: 
QueueModel.Server@154b294b: 
QueueModel.Server@3017fdc: 

------------------------------------------------------------------
Time: 10
Waiting clients: (22, 11, 2) (47, 13, 3) (5, 15, 4) (18, 15, 1) (26, 16, 4) (38, 16, 1) (45, 17, 1) (41, 18, 4) (15, 19, 6) (17, 20, 5) (16, 22, 3) (35, 22, 6) (49, 22, 3) (10, 23, 2) (30, 23, 5) (44, 24, 3) (46, 24, 6) (11, 25, 3) (40, 26, 3) (1, 27, 4) (48, 28, 6) (4, 30, 1) (27, 30, 5) (32, 30, 6) (20, 31, 3) (19, 32, 4) (28, 32, 5) (21, 33, 3) (12, 34, 5) (13, 34, 5) (43, 34, 5) (24, 35, 5) (6, 36, 4) (42, 36, 6) (2, 38, 6) (37, 38, 4) 
QueueModel.Server@548ba80c: (0, 10, 4) 
QueueModel.Server@3a08ad6: (9, 8, 4) 
QueueModel.Server@79fed636: (31, 10, 6) 
QueueModel.Server@154b294b: 
QueueModel.Server@3017fdc: 

------------------------------------------------------------------
Time: 11
Waiting clients: (47, 13, 3) (5, 15, 4) (18, 15, 1) (26, 16, 4) (38, 16, 1) (45, 17, 1) (41, 18, 4) (15, 19, 6) (17, 20, 5) (16, 22, 3) (35, 22, 6) (49, 22, 3) (10, 23, 2) (30, 23, 5) (44, 24, 3) (46, 24, 6) (11, 25, 3) (40, 26, 3) (1, 27, 4) (48, 28, 6) (4, 30, 1) (27, 30, 5) (32, 30, 6) (20, 31, 3) (19, 32, 4) (28, 32, 5) (21, 33, 3) (12, 34, 5) (13, 34, 5) (43, 34, 5) (24, 35, 5) (6, 36, 4) (42, 36, 6) (2, 38, 6) (37, 38, 4) 
QueueModel.Server@548ba80c: (22, 11, 2) 
QueueModel.Server@3a08ad6: 
QueueModel.Server@79fed636: (31, 10, 6) 
QueueModel.Server@154b294b: 
QueueModel.Server@3017fdc: 

------------------------------------------------------------------
Time: 12
Waiting clients: (47, 13, 3) (5, 15, 4) (18, 15, 1) (26, 16, 4) (38, 16, 1) (45, 17, 1) (41, 18, 4) (15, 19, 6) (17, 20, 5) (16, 22, 3) (35, 22, 6) (49, 22, 3) (10, 23, 2) (30, 23, 5) (44, 24, 3) (46, 24, 6) (11, 25, 3) (40, 26, 3) (1, 27, 4) (48, 28, 6) (4, 30, 1) (27, 30, 5) (32, 30, 6) (20, 31, 3) (19, 32, 4) (28, 32, 5) (21, 33, 3) (12, 34, 5) (13, 34, 5) (43, 34, 5) (24, 35, 5) (6, 36, 4) (42, 36, 6) (2, 38, 6) (37, 38, 4) 
QueueModel.Server@548ba80c: (22, 11, 2) 
QueueModel.Server@3a08ad6: 
QueueModel.Server@79fed636: (31, 10, 6) 
QueueModel.Server@154b294b: 
QueueModel.Server@3017fdc: 

------------------------------------------------------------------
Time: 13
Waiting clients: (5, 15, 4) (18, 15, 1) (26, 16, 4) (38, 16, 1) (45, 17, 1) (41, 18, 4) (15, 19, 6) (17, 20, 5) (16, 22, 3) (35, 22, 6) (49, 22, 3) (10, 23, 2) (30, 23, 5) (44, 24, 3) (46, 24, 6) (11, 25, 3) (40, 26, 3) (1, 27, 4) (48, 28, 6) (4, 30, 1) (27, 30, 5) (32, 30, 6) (20, 31, 3) (19, 32, 4) (28, 32, 5) (21, 33, 3) (12, 34, 5) (13, 34, 5) (43, 34, 5) (24, 35, 5) (6, 36, 4) (42, 36, 6) (2, 38, 6) (37, 38, 4) 
QueueModel.Server@548ba80c: (22, 11, 2) 
QueueModel.Server@3a08ad6: (47, 13, 3) 
QueueModel.Server@79fed636: (31, 10, 6) 
QueueModel.Server@154b294b: 
QueueModel.Server@3017fdc: 

------------------------------------------------------------------
Time: 14
Waiting clients: (5, 15, 4) (18, 15, 1) (26, 16, 4) (38, 16, 1) (45, 17, 1) (41, 18, 4) (15, 19, 6) (17, 20, 5) (16, 22, 3) (35, 22, 6) (49, 22, 3) (10, 23, 2) (30, 23, 5) (44, 24, 3) (46, 24, 6) (11, 25, 3) (40, 26, 3) (1, 27, 4) (48, 28, 6) (4, 30, 1) (27, 30, 5) (32, 30, 6) (20, 31, 3) (19, 32, 4) (28, 32, 5) (21, 33, 3) (12, 34, 5) (13, 34, 5) (43, 34, 5) (24, 35, 5) (6, 36, 4) (42, 36, 6) (2, 38, 6) (37, 38, 4) 
QueueModel.Server@548ba80c: (22, 11, 2) 
QueueModel.Server@3a08ad6: (47, 13, 3) 
QueueModel.Server@79fed636: 
QueueModel.Server@154b294b: 
QueueModel.Server@3017fdc: 

------------------------------------------------------------------
Time: 15
Waiting clients: (26, 16, 4) (38, 16, 1) (45, 17, 1) (41, 18, 4) (15, 19, 6) (17, 20, 5) (16, 22, 3) (35, 22, 6) (49, 22, 3) (10, 23, 2) (30, 23, 5) (44, 24, 3) (46, 24, 6) (11, 25, 3) (40, 26, 3) (1, 27, 4) (48, 28, 6) (4, 30, 1) (27, 30, 5) (32, 30, 6) (20, 31, 3) (19, 32, 4) (28, 32, 5) (21, 33, 3) (12, 34, 5) (13, 34, 5) (43, 34, 5) (24, 35, 5) (6, 36, 4) (42, 36, 6) (2, 38, 6) (37, 38, 4) 
QueueModel.Server@548ba80c: (5, 15, 4) 
QueueModel.Server@3a08ad6: (18, 15, 1) 
QueueModel.Server@79fed636: 
QueueModel.Server@154b294b: 
QueueModel.Server@3017fdc: 

------------------------------------------------------------------
Time: 16
Waiting clients: (45, 17, 1) (41, 18, 4) (15, 19, 6) (17, 20, 5) (16, 22, 3) (35, 22, 6) (49, 22, 3) (10, 23, 2) (30, 23, 5) (44, 24, 3) (46, 24, 6) (11, 25, 3) (40, 26, 3) (1, 27, 4) (48, 28, 6) (4, 30, 1) (27, 30, 5) (32, 30, 6) (20, 31, 3) (19, 32, 4) (28, 32, 5) (21, 33, 3) (12, 34, 5) (13, 34, 5) (43, 34, 5) (24, 35, 5) (6, 36, 4) (42, 36, 6) (2, 38, 6) (37, 38, 4) 
QueueModel.Server@548ba80c: (5, 15, 4) 
QueueModel.Server@3a08ad6: (18, 15, 1) 
QueueModel.Server@79fed636: (26, 16, 4) 
QueueModel.Server@154b294b: (38, 16, 1) 
QueueModel.Server@3017fdc: 

------------------------------------------------------------------
Time: 17
Waiting clients: (41, 18, 4) (15, 19, 6) (17, 20, 5) (16, 22, 3) (35, 22, 6) (49, 22, 3) (10, 23, 2) (30, 23, 5) (44, 24, 3) (46, 24, 6) (11, 25, 3) (40, 26, 3) (1, 27, 4) (48, 28, 6) (4, 30, 1) (27, 30, 5) (32, 30, 6) (20, 31, 3) (19, 32, 4) (28, 32, 5) (21, 33, 3) (12, 34, 5) (13, 34, 5) (43, 34, 5) (24, 35, 5) (6, 36, 4) (42, 36, 6) (2, 38, 6) (37, 38, 4) 
QueueModel.Server@548ba80c: (45, 17, 1) 
QueueModel.Server@3a08ad6: (18, 15, 1) 
QueueModel.Server@79fed636: (26, 16, 4) 
QueueModel.Server@154b294b: 
QueueModel.Server@3017fdc: 

------------------------------------------------------------------
Time: 18
Waiting clients: (15, 19, 6) (17, 20, 5) (16, 22, 3) (35, 22, 6) (49, 22, 3) (10, 23, 2) (30, 23, 5) (44, 24, 3) (46, 24, 6) (11, 25, 3) (40, 26, 3) (1, 27, 4) (48, 28, 6) (4, 30, 1) (27, 30, 5) (32, 30, 6) (20, 31, 3) (19, 32, 4) (28, 32, 5) (21, 33, 3) (12, 34, 5) (13, 34, 5) (43, 34, 5) (24, 35, 5) (6, 36, 4) (42, 36, 6) (2, 38, 6) (37, 38, 4) 
QueueModel.Server@548ba80c: (45, 17, 1) 
QueueModel.Server@3a08ad6: (41, 18, 4) 
QueueModel.Server@79fed636: (26, 16, 4) 
QueueModel.Server@154b294b: 
QueueModel.Server@3017fdc: 

------------------------------------------------------------------
Time: 19
Waiting clients: (17, 20, 5) (16, 22, 3) (35, 22, 6) (49, 22, 3) (10, 23, 2) (30, 23, 5) (44, 24, 3) (46, 24, 6) (11, 25, 3) (40, 26, 3) (1, 27, 4) (48, 28, 6) (4, 30, 1) (27, 30, 5) (32, 30, 6) (20, 31, 3) (19, 32, 4) (28, 32, 5) (21, 33, 3) (12, 34, 5) (13, 34, 5) (43, 34, 5) (24, 35, 5) (6, 36, 4) (42, 36, 6) (2, 38, 6) (37, 38, 4) 
QueueModel.Server@548ba80c: (45, 17, 1) 
QueueModel.Server@3a08ad6: (15, 19, 6) 
QueueModel.Server@79fed636: (26, 16, 4) 
QueueModel.Server@154b294b: 
QueueModel.Server@3017fdc: 

------------------------------------------------------------------
Time: 20
Waiting clients: (16, 22, 3) (35, 22, 6) (49, 22, 3) (10, 23, 2) (30, 23, 5) (44, 24, 3) (46, 24, 6) (11, 25, 3) (40, 26, 3) (1, 27, 4) (48, 28, 6) (4, 30, 1) (27, 30, 5) (32, 30, 6) (20, 31, 3) (19, 32, 4) (28, 32, 5) (21, 33, 3) (12, 34, 5) (13, 34, 5) (43, 34, 5) (24, 35, 5) (6, 36, 4) (42, 36, 6) (2, 38, 6) (37, 38, 4) 
QueueModel.Server@548ba80c: (45, 17, 1) 
QueueModel.Server@3a08ad6: (15, 19, 6) 
QueueModel.Server@79fed636: (17, 20, 5) 
QueueModel.Server@154b294b: 
QueueModel.Server@3017fdc: 

------------------------------------------------------------------
Time: 21
Waiting clients: (16, 22, 3) (35, 22, 6) (49, 22, 3) (10, 23, 2) (30, 23, 5) (44, 24, 3) (46, 24, 6) (11, 25, 3) (40, 26, 3) (1, 27, 4) (48, 28, 6) (4, 30, 1) (27, 30, 5) (32, 30, 6) (20, 31, 3) (19, 32, 4) (28, 32, 5) (21, 33, 3) (12, 34, 5) (13, 34, 5) (43, 34, 5) (24, 35, 5) (6, 36, 4) (42, 36, 6) (2, 38, 6) (37, 38, 4) 
QueueModel.Server@548ba80c: 
QueueModel.Server@3a08ad6: (15, 19, 6) 
QueueModel.Server@79fed636: (17, 20, 5) 
QueueModel.Server@154b294b: 
QueueModel.Server@3017fdc: 

------------------------------------------------------------------
Time: 22
Waiting clients: (10, 23, 2) (30, 23, 5) (44, 24, 3) (46, 24, 6) (11, 25, 3) (40, 26, 3) (1, 27, 4) (48, 28, 6) (4, 30, 1) (27, 30, 5) (32, 30, 6) (20, 31, 3) (19, 32, 4) (28, 32, 5) (21, 33, 3) (12, 34, 5) (13, 34, 5) (43, 34, 5) (24, 35, 5) (6, 36, 4) (42, 36, 6) (2, 38, 6) (37, 38, 4) 
QueueModel.Server@548ba80c: (16, 22, 3) 
QueueModel.Server@3a08ad6: (15, 19, 6) 
QueueModel.Server@79fed636: (17, 20, 5) 
QueueModel.Server@154b294b: (35, 22, 6) 
QueueModel.Server@3017fdc: (49, 22, 3) 

------------------------------------------------------------------
Time: 23
Waiting clients: (44, 24, 3) (46, 24, 6) (11, 25, 3) (40, 26, 3) (1, 27, 4) (48, 28, 6) (4, 30, 1) (27, 30, 5) (32, 30, 6) (20, 31, 3) (19, 32, 4) (28, 32, 5) (21, 33, 3) (12, 34, 5) (13, 34, 5) (43, 34, 5) (24, 35, 5) (6, 36, 4) (42, 36, 6) (2, 38, 6) (37, 38, 4) 
QueueModel.Server@548ba80c: (10, 23, 2) 
QueueModel.Server@3a08ad6: (30, 23, 5) 
QueueModel.Server@79fed636: (17, 20, 5) 
QueueModel.Server@154b294b: 
QueueModel.Server@3017fdc: 

------------------------------------------------------------------
Time: 24
Waiting clients: (11, 25, 3) (40, 26, 3) (1, 27, 4) (48, 28, 6) (4, 30, 1) (27, 30, 5) (32, 30, 6) (20, 31, 3) (19, 32, 4) (28, 32, 5) (21, 33, 3) (12, 34, 5) (13, 34, 5) (43, 34, 5) (24, 35, 5) (6, 36, 4) (42, 36, 6) (2, 38, 6) (37, 38, 4) 
QueueModel.Server@548ba80c: (10, 23, 2) 
QueueModel.Server@3a08ad6: (30, 23, 5) 
QueueModel.Server@79fed636: (44, 24, 3) 
QueueModel.Server@154b294b: (46, 24, 6) 
QueueModel.Server@3017fdc: 

------------------------------------------------------------------
Time: 25
Waiting clients: (40, 26, 3) (1, 27, 4) (48, 28, 6) (4, 30, 1) (27, 30, 5) (32, 30, 6) (20, 31, 3) (19, 32, 4) (28, 32, 5) (21, 33, 3) (12, 34, 5) (13, 34, 5) (43, 34, 5) (24, 35, 5) (6, 36, 4) (42, 36, 6) (2, 38, 6) (37, 38, 4) 
QueueModel.Server@548ba80c: (10, 23, 2) 
QueueModel.Server@3a08ad6: (30, 23, 5) 
QueueModel.Server@79fed636: (44, 24, 3) 
QueueModel.Server@154b294b: (46, 24, 6) 
QueueModel.Server@3017fdc: (11, 25, 3) 

------------------------------------------------------------------
Time: 26
Waiting clients: (1, 27, 4) (48, 28, 6) (4, 30, 1) (27, 30, 5) (32, 30, 6) (20, 31, 3) (19, 32, 4) (28, 32, 5) (21, 33, 3) (12, 34, 5) (13, 34, 5) (43, 34, 5) (24, 35, 5) (6, 36, 4) (42, 36, 6) (2, 38, 6) (37, 38, 4) 
QueueModel.Server@548ba80c: (40, 26, 3) 
QueueModel.Server@3a08ad6: (30, 23, 5) 
QueueModel.Server@79fed636: (44, 24, 3) 
QueueModel.Server@154b294b: (46, 24, 6) 
QueueModel.Server@3017fdc: 

------------------------------------------------------------------
Time: 27
Waiting clients: (48, 28, 6) (4, 30, 1) (27, 30, 5) (32, 30, 6) (20, 31, 3) (19, 32, 4) (28, 32, 5) (21, 33, 3) (12, 34, 5) (13, 34, 5) (43, 34, 5) (24, 35, 5) (6, 36, 4) (42, 36, 6) (2, 38, 6) (37, 38, 4) 
QueueModel.Server@548ba80c: (40, 26, 3) 
QueueModel.Server@3a08ad6: (30, 23, 5) 
QueueModel.Server@79fed636: (44, 24, 3) 
QueueModel.Server@154b294b: (46, 24, 6) 
QueueModel.Server@3017fdc: (1, 27, 4) 

------------------------------------------------------------------
Time: 28
Waiting clients: (4, 30, 1) (27, 30, 5) (32, 30, 6) (20, 31, 3) (19, 32, 4) (28, 32, 5) (21, 33, 3) (12, 34, 5) (13, 34, 5) (43, 34, 5) (24, 35, 5) (6, 36, 4) (42, 36, 6) (2, 38, 6) (37, 38, 4) 
QueueModel.Server@548ba80c: (48, 28, 6) 
QueueModel.Server@3a08ad6: (30, 23, 5) 
QueueModel.Server@79fed636: (44, 24, 3) 
QueueModel.Server@154b294b: (46, 24, 6) 
QueueModel.Server@3017fdc: (1, 27, 4) 

------------------------------------------------------------------
Time: 29
Waiting clients: (4, 30, 1) (27, 30, 5) (32, 30, 6) (20, 31, 3) (19, 32, 4) (28, 32, 5) (21, 33, 3) (12, 34, 5) (13, 34, 5) (43, 34, 5) (24, 35, 5) (6, 36, 4) (42, 36, 6) (2, 38, 6) (37, 38, 4) 
QueueModel.Server@548ba80c: (48, 28, 6) 
QueueModel.Server@3a08ad6: 
QueueModel.Server@79fed636: 
QueueModel.Server@154b294b: 
QueueModel.Server@3017fdc: 

------------------------------------------------------------------
Time: 30
Waiting clients: (20, 31, 3) (19, 32, 4) (28, 32, 5) (21, 33, 3) (12, 34, 5) (13, 34, 5) (43, 34, 5) (24, 35, 5) (6, 36, 4) (42, 36, 6) (2, 38, 6) (37, 38, 4) 
QueueModel.Server@548ba80c: (48, 28, 6) 
QueueModel.Server@3a08ad6: (4, 30, 1) 
QueueModel.Server@79fed636: (27, 30, 5) 
QueueModel.Server@154b294b: (32, 30, 6) 
QueueModel.Server@3017fdc: 

------------------------------------------------------------------
Time: 31
Waiting clients: (19, 32, 4) (28, 32, 5) (21, 33, 3) (12, 34, 5) (13, 34, 5) (43, 34, 5) (24, 35, 5) (6, 36, 4) (42, 36, 6) (2, 38, 6) (37, 38, 4) 
QueueModel.Server@548ba80c: (20, 31, 3) 
QueueModel.Server@3a08ad6: (4, 30, 1) 
QueueModel.Server@79fed636: (27, 30, 5) 
QueueModel.Server@154b294b: (32, 30, 6) 
QueueModel.Server@3017fdc: 

------------------------------------------------------------------
Time: 32
Waiting clients: (21, 33, 3) (12, 34, 5) (13, 34, 5) (43, 34, 5) (24, 35, 5) (6, 36, 4) (42, 36, 6) (2, 38, 6) (37, 38, 4) 
QueueModel.Server@548ba80c: (20, 31, 3) 
QueueModel.Server@3a08ad6: (4, 30, 1) 
QueueModel.Server@79fed636: (19, 32, 4) 
QueueModel.Server@154b294b: (32, 30, 6) 
QueueModel.Server@3017fdc: (28, 32, 5) 

------------------------------------------------------------------
Time: 33
Waiting clients: (12, 34, 5) (13, 34, 5) (43, 34, 5) (24, 35, 5) (6, 36, 4) (42, 36, 6) (2, 38, 6) (37, 38, 4) 
QueueModel.Server@548ba80c: (20, 31, 3) 
QueueModel.Server@3a08ad6: (4, 30, 1) 
QueueModel.Server@79fed636: (19, 32, 4) 
QueueModel.Server@154b294b: (32, 30, 6) 
QueueModel.Server@3017fdc: (21, 33, 3) 

------------------------------------------------------------------
Time: 34
Waiting clients: (24, 35, 5) (6, 36, 4) (42, 36, 6) (2, 38, 6) (37, 38, 4) 
QueueModel.Server@548ba80c: (20, 31, 3) (13, 34, 5) 
QueueModel.Server@3a08ad6: (12, 34, 5) 
QueueModel.Server@79fed636: (19, 32, 4) 
QueueModel.Server@154b294b: (32, 30, 6) 
QueueModel.Server@3017fdc: (21, 33, 3) (43, 34, 5) 

------------------------------------------------------------------
Time: 35
Waiting clients: (6, 36, 4) (42, 36, 6) (2, 38, 6) (37, 38, 4) 
QueueModel.Server@548ba80c: (20, 31, 3) (13, 34, 5) 
QueueModel.Server@3a08ad6: (24, 35, 5) 
QueueModel.Server@79fed636: (19, 32, 4) 
QueueModel.Server@154b294b: 
QueueModel.Server@3017fdc: (21, 33, 3) (43, 34, 5) 

------------------------------------------------------------------
Time: 36
Waiting clients: (2, 38, 6) (37, 38, 4) 
QueueModel.Server@548ba80c: (20, 31, 3) (13, 34, 5) 
QueueModel.Server@3a08ad6: (24, 35, 5) 
QueueModel.Server@79fed636: (19, 32, 4) (42, 36, 6) 
QueueModel.Server@154b294b: (6, 36, 4) 
QueueModel.Server@3017fdc: (21, 33, 3) (43, 34, 5) 

------------------------------------------------------------------
Time: 37
Waiting clients: (2, 38, 6) (37, 38, 4) 
QueueModel.Server@548ba80c: (13, 34, 5) 
QueueModel.Server@3a08ad6: (24, 35, 5) 
QueueModel.Server@79fed636: (42, 36, 6) 
QueueModel.Server@154b294b: (6, 36, 4) 
QueueModel.Server@3017fdc: (21, 33, 3) (43, 34, 5) 

------------------------------------------------------------------
Time: 38
Waiting clients: 
QueueModel.Server@548ba80c: (13, 34, 5) (37, 38, 4) 
QueueModel.Server@3a08ad6: (24, 35, 5) 
QueueModel.Server@79fed636: (42, 36, 6) 
QueueModel.Server@154b294b: (6, 36, 4) (2, 38, 6) 
QueueModel.Server@3017fdc: (43, 34, 5) 

------------------------------------------------------------------
Time: 39
Waiting clients: 
QueueModel.Server@548ba80c: (13, 34, 5) (37, 38, 4) 
QueueModel.Server@3a08ad6: (24, 35, 5) 
QueueModel.Server@79fed636: (42, 36, 6) 
QueueModel.Server@154b294b: (6, 36, 4) (2, 38, 6) 
QueueModel.Server@3017fdc: (43, 34, 5) 

------------------------------------------------------------------
Time: 40
Waiting clients: 
QueueModel.Server@548ba80c: (37, 38, 4) 
QueueModel.Server@3a08ad6: 
QueueModel.Server@79fed636: (42, 36, 6) 
QueueModel.Server@154b294b: (6, 36, 4) (2, 38, 6) 
QueueModel.Server@3017fdc: (43, 34, 5) 

------------------------------------------------------------------
Time: 41
Waiting clients: 
QueueModel.Server@548ba80c: (37, 38, 4) 
QueueModel.Server@3a08ad6: 
QueueModel.Server@79fed636: 
QueueModel.Server@154b294b: (2, 38, 6) 
QueueModel.Server@3017fdc: 

------------------------------------------------------------------
Time: 42
Waiting clients: 
QueueModel.Server@548ba80c: (37, 38, 4) 
QueueModel.Server@3a08ad6: 
QueueModel.Server@79fed636: 
QueueModel.Server@154b294b: (2, 38, 6) 
QueueModel.Server@3017fdc: 

------------------------------------------------------------------
Time: 43
Waiting clients: 
QueueModel.Server@548ba80c: (37, 38, 4) 
QueueModel.Server@3a08ad6: 
QueueModel.Server@79fed636: 
QueueModel.Server@154b294b: (2, 38, 6) 
QueueModel.Server@3017fdc: 

------------------------------------------------------------------
Time: 44
Waiting clients: 
QueueModel.Server@548ba80c: (37, 38, 4) 
QueueModel.Server@3a08ad6: 
QueueModel.Server@79fed636: 
QueueModel.Server@154b294b: (2, 38, 6) 
QueueModel.Server@3017fdc: 

------------------------------------------------------------------
Time: 45
Waiting clients: 
QueueModel.Server@548ba80c: 
QueueModel.Server@3a08ad6: 
QueueModel.Server@79fed636: 
QueueModel.Server@154b294b: 
QueueModel.Server@3017fdc: 

------------------------------------------------------------------
Time: 46
Waiting clients: 
QueueModel.Server@548ba80c: 
QueueModel.Server@3a08ad6: 
QueueModel.Server@79fed636: 
QueueModel.Server@154b294b: 
QueueModel.Server@3017fdc: 

------------------------------------------------------------------
Time: 47
Waiting clients: 
QueueModel.Server@548ba80c: 
QueueModel.Server@3a08ad6: 
QueueModel.Server@79fed636: 
QueueModel.Server@154b294b: 
QueueModel.Server@3017fdc: 

------------------------------------------------------------------
Time: 48
Waiting clients: 
QueueModel.Server@548ba80c: 
QueueModel.Server@3a08ad6: 
QueueModel.Server@79fed636: 
QueueModel.Server@154b294b: 
QueueModel.Server@3017fdc: 

------------------------------------------------------------------
Time: 49
Waiting clients: 
QueueModel.Server@548ba80c: 
QueueModel.Server@3a08ad6: 
QueueModel.Server@79fed636: 
QueueModel.Server@154b294b: 
QueueModel.Server@3017fdc: 

------------------------------------------------------------------
Time: 50
Waiting clients: 
QueueModel.Server@548ba80c: 
QueueModel.Server@3a08ad6: 
QueueModel.Server@79fed636: 
QueueModel.Server@154b294b: 
QueueModel.Server@3017fdc: 

------------------------------------------------------------------
Time: 51
Waiting clients: 
QueueModel.Server@548ba80c: 
QueueModel.Server@3a08ad6: 
QueueModel.Server@79fed636: 
QueueModel.Server@154b294b: 
QueueModel.Server@3017fdc: 

------------------------------------------------------------------
Time: 52
Waiting clients: 
QueueModel.Server@548ba80c: 
QueueModel.Server@3a08ad6: 
QueueModel.Server@79fed636: 
QueueModel.Server@154b294b: 
QueueModel.Server@3017fdc: 

------------------------------------------------------------------
Time: 53
Waiting clients: 
QueueModel.Server@548ba80c: 
QueueModel.Server@3a08ad6: 
QueueModel.Server@79fed636: 
QueueModel.Server@154b294b: 
QueueModel.Server@3017fdc: 

------------------------------------------------------------------
Time: 54
Waiting clients: 
QueueModel.Server@548ba80c: 
QueueModel.Server@3a08ad6: 
QueueModel.Server@79fed636: 
QueueModel.Server@154b294b: 
QueueModel.Server@3017fdc: 

------------------------------------------------------------------
Time: 55
Waiting clients: 
QueueModel.Server@548ba80c: 
QueueModel.Server@3a08ad6: 
QueueModel.Server@79fed636: 
QueueModel.Server@154b294b: 
QueueModel.Server@3017fdc: 

------------------------------------------------------------------
Time: 56
Waiting clients: 
QueueModel.Server@548ba80c: 
QueueModel.Server@3a08ad6: 
QueueModel.Server@79fed636: 
QueueModel.Server@154b294b: 
QueueModel.Server@3017fdc: 

------------------------------------------------------------------
Time: 57
Waiting clients: 
QueueModel.Server@548ba80c: 
QueueModel.Server@3a08ad6: 
QueueModel.Server@79fed636: 
QueueModel.Server@154b294b: 
QueueModel.Server@3017fdc: 

------------------------------------------------------------------
Time: 58
Waiting clients: 
QueueModel.Server@548ba80c: 
QueueModel.Server@3a08ad6: 
QueueModel.Server@79fed636: 
QueueModel.Server@154b294b: 
QueueModel.Server@3017fdc: 

------------------------------------------------------------------
Time: 59
Waiting clients: 
QueueModel.Server@548ba80c: 
QueueModel.Server@3a08ad6: 
QueueModel.Server@79fed636: 
QueueModel.Server@154b294b: 
QueueModel.Server@3017fdc: 

------------------------------------------------------------------
Peak hour: 36
Average waiting time: 0.552
Average service time: 3.72
